C:\Users\spoon\Desktop\IA python>py hill_climbing_algorithm.py
[0, 1, 2, 0, 4, 5, 6, 7, 8, 9, 10, 11, 12]
67
[0, 1, 2, 0, 4, 5, 6, 7, 8, 9, 3, 11, 12]
56
[0, 1, 2, 0, 4, 5, 6, 7, 8, 9, 3, 10, 12]
46
[11, 1, 2, 0, 4, 5, 6, 7, 8, 9, 3, 10, 12]
36
[11, 1, 2, 0, 4, 5, 6, 8, 8, 9, 3, 10, 12]
29
[11, 1, 7, 0, 4, 5, 6, 8, 8, 9, 3, 10, 12]
22
[11, 1, 7, 0, 4, 5, 6, 8, 12, 9, 3, 10, 12]
16
[11, 1, 7, 0, 4, 5, 6, 8, 12, 9, 3, 10, 2]
10
[11, 1, 7, 0, 0, 5, 6, 8, 12, 9, 3, 10, 2]
7
[11, 4, 7, 0, 0, 5, 6, 8, 12, 9, 3, 10, 2]
4
[11, 4, 7, 0, 0, 5, 1, 8, 12, 9, 3, 10, 2]
2
[11, 4, 7, 0, 6, 5, 1, 8, 12, 9, 3, 10, 2]
2
[11, 4, 7, 0, 6, 1, 1, 8, 12, 9, 3, 10, 2]
1
[11, 4, 7, 0, 6, 3, 1, 8, 12, 9, 3, 10, 2]
1
[11, 4, 7, 0, 6, 12, 1, 8, 12, 9, 3, 10, 2]
1
[11, 4, 7, 0, 6, 12, 1, 5, 12, 9, 3, 10, 2]
1
[11, 4, 7, 0, 6, 12, 1, 5, 0, 9, 3, 10, 2]
1
[11, 4, 7, 0, 6, 12, 1, 5, 8, 9, 3, 10, 2]
1
[11, 4, 7, 0, 6, 12, 1, 5, 8, 10, 3, 10, 2]
1
[11, 4, 7, 0, 6, 12, 1, 5, 8, 9, 3, 10, 2]
1
[11, 4, 7, 0, 6, 12, 1, 5, 12, 9, 3, 10, 2]
1
[11, 4, 7, 0, 6, 12, 1, 5, 8, 9, 3, 10, 2]
1
[11, 4, 7, 0, 6, 12, 1, 5, 12, 9, 3, 10, 2]
1
[11, 4, 7, 0, 6, 12, 1, 5, 8, 9, 3, 10, 2]
1
[11, 4, 7, 0, 6, 12, 1, 5, 8, 10, 3, 10, 2]
1
[11, 4, 7, 0, 6, 12, 1, 5, 8, 10, 3, 9, 2]
1
[11, 4, 7, 0, 6, 12, 1, 11, 8, 10, 3, 9, 2]
1
[8, 4, 7, 0, 6, 12, 1, 11, 8, 10, 3, 9, 2]
1
[8, 4, 7, 0, 6, 12, 1, 11, 7, 10, 3, 9, 2]
1
[8, 4, 2, 0, 6, 12, 1, 11, 7, 10, 3, 9, 2]
1
[8, 4, 7, 0, 6, 12, 1, 11, 7, 10, 3, 9, 2]
1
[8, 4, 7, 0, 6, 12, 1, 11, 4, 10, 3, 9, 2]
1
[8, 4, 7, 0, 6, 12, 1, 11, 4, 10, 3, 5, 2]
1
[8, 10, 7, 0, 6, 12, 1, 11, 4, 10, 3, 5, 2]
1
[8, 10, 7, 0, 6, 12, 1, 11, 4, 10, 3, 9, 2]
1
[8, 10, 7, 0, 6, 12, 1, 11, 4, 10, 3, 5, 2]
1
[8, 10, 7, 0, 6, 12, 1, 11, 4, 10, 3, 9, 2]
1
[8, 4, 7, 0, 6, 12, 1, 11, 4, 10, 3, 9, 2]
1
[8, 4, 7, 0, 6, 12, 1, 11, 8, 10, 3, 9, 2]
1
[11, 4, 7, 0, 6, 12, 1, 11, 8, 10, 3, 9, 2]
1
[6, 4, 7, 0, 6, 12, 1, 11, 8, 10, 3, 9, 2]
1
[12, 4, 7, 0, 6, 12, 1, 11, 8, 10, 3, 9, 2]
1
[12, 4, 7, 0, 6, 12, 5, 11, 8, 10, 3, 9, 2]
1
[12, 4, 7, 0, 6, 1, 5, 11, 8, 10, 3, 9, 2]
0
The answer is
[13, 5, 8, 1, 7, 2, 6, 12, 9, 11, 4, 10, 3]